0.27625,0.5766,0.33744,0.020828,1.1662,0.020245,2005,0
98.904,492.28,69.582,0.14607,0.27813,3.417,1.0837,1
0.11971,2.594,15.514,0.0075879,3.4064,0.72835,1.3731,0
90.08,1.4221,0.52145,0.4906,0.23678,0.018348,382.84,0
68.53,0.19156,15.815,0.56097,0.13679,0.0066821,149.65,0
0.14897,30.212,2.886,0.0015322,0.38256,4.6472,1.0065,1
13.418,0.69968,62.586,0.75525,0.45446,0.11072,9.032,0
0.22462,9.163,16.455,0.20019,47.797,0.010619,99.203,0
0.54353,981.41,2.2425,0.072698,29.181,0.20514,997.71,0
0.92071,45.593,0.2254,0.42146,0.15696,4.3126,12.198,1
14.727,0.19085,41.386,0.62644,0.34274,0.030152,33.166,0
0.2946,0.40161,0.19593,0.0053712,2.2807,0.002527,93777,0
0.18078,0.6084,8.5117,0.84746,85.43,-1,-1,0
0.50633,0.16497,13.784,0.39018,1.0478,0.33918,2.9489,0
2.654,567.59,1.1689,0.043818,0.14711,34.228,1.0992,1
81.375,168.96,0.47373,0.0062295,0.69928,1.0452,1309.5,0
0.23251,100.35,2.5987,0.010387,0.97027,4.7608,7.939,1
36.908,0.23508,58.003,0.0028563,92.742,0.0002217,4.689e+05,0
2.2985,0.15814,14.986,0.1224,0.49446,0.14169,7.0579,0
11.681,82.954,0.12976,0.31368,0.49392,0.63225,165.81,0
19.93,0.82643,3.1194,0.0021349,6.5805,0.0039107,1.8965e+05,0
25.019,109.88,5.8222,0.0038198,11.318,0.22801,2649.2,0
0.16217,24.758,4.7159,0.0041842,1.0165,2.6978,1.2617,1
1.4327,3.9919,3.0692,0.17917,0.17165,0.99521,1.2379,0
46.683,9.7086,1.0254,0.01654,0.42369,-1,-1,0
0.10172,14.85,0.17698,0.035461,40.129,-1,-1,0
3.173,119.8,0.15872,0.025389,0.31424,3.2811,317.15,1
1.9326,36.341,30.465,0.10536,0.20703,0.97784,1.0252,0
28.157,1.2308,15.707,0.0016077,10.35,0.011925,9191.3,0
1.3484,1.7411,1.6168,0.025566,0.25634,0.73675,1.4805,0
17.2,34.071,11.911,0.099668,0.61948,1.6818,1.2528,0
47.565,206.23,35.593,0.4678,7.3579,1.4613,2.9272,0
0.21553,124.35,2.9139,0.007496,11.405,0.22253,2279.9,0
0.99168,3.417,4.886,0.01199,25.694,0.0045568,5100,0
0.35682,26.603,17.293,0.16141,55.394,0.022532,123.01,0
4.2759,58.379,34.647,0.013135,0.47002,1.2322,1.0303,0
0.10609,0.42621,0.2335,0.23837,0.47051,0.048395,88.777,0
29.212,0.37306,0.92542,0.025691,37.898,5.0973e-05,2.7213e+07,0
1.8482,998.47,16.989,0.16084,0.40074,12.818,1.0235,1
7.6188,2.1902,1.3211,0.0023659,0.2024,0.69154,2.4228,0
12.606,0.39372,1.9127,0.008678,0.13819,0.071953,13.914,0
0.21596,24.234,42.472,0.0086926,1.9831,0.99356,1.0066,0
0.15039,167.48,10.033,0.068412,56.758,0.067903,432.5,0
3.3667,4.5938,7.1356,0.16217,1.9871,0.30441,4.061,0
3.3633,0.18808,29.922,0.092679,0.1575,0.12221,8.1826,0
5.1712,38.356,24.263,0.28939,2.1166,1.1365,1.3214,0
2.4787,2.6351,0.17458,0.084084,17.702,0.00022569,7.3639e+05,0
3.2868,0.34312,97.524,0.7348,0.21672,0.20464,4.8876,0
95.313,1.7367,0.30375,0.0010598,1.2251,0.0025507,3.6362e+06,0
24.474,121.18,0.92093,0.33456,3.65,0.18664,204.47,0
4.7643,0.1797,3.1743,0.22003,17.877,0.00022301,32999,0
13.712,40.171,0.64352,0.005662,87.108,0.00055956,5.7314e+06,0
0.47596,54.036,21.4,0.072503,1.2901,1.7948,1.04,0
68.607,0.32085,1.2552,0.050661,0.16604,0.018303,99.87,0
33.131,4.1699,0.20762,0.0032903,0.38965,0.046424,32346,0
0.14695,0.21872,9.5302,0.1603,0.27794,0.76373,1.3095,0
32.776,0.70084,0.85196,0.1572,31.017,5.668e-05,3.0252e+06,0
6.1413,0.2652,1.0198,0.2467,3.2162,0.0017109,8343.5,0
26.831,1.6321,8.4915,0.010025,0.49324,0.13123,7.6231,0
11.911,1.2383,28.043,0.14075,5.5387,0.10508,9.5164,0
3.4941,246.08,1.1273,0.0035784,0.13611,23.105,1.0135,1
0.3003,0.3346,60.069,0.074642,0.57795,0.73274,1.3649,0
60.439,6.512,1.9651,0.0033405,14.896,0.003168,7.5468e+05,0
9.4068,136.54,5.0645,0.0012026,44.263,0.046821,54451,0
4.5434,16.905,9.335,0.075969,43.854,0.012573,758.81,0
2.1414,0.79761,0.24797,0.20958,19.13,7.6463e-05,6.7448e+05,0
0.14082,96.919,0.18642,0.045991,0.1289,9.8876,31.214,1
1.1487,77.203,48.085,0.08332,7.603,1.0568,1.32,0
2.8603,15.406,0.2623,0.001838,2.8997,0.04634,88520,0
17.038,4.9969,1.8828,0.68044,0.24226,0.51271,5.3481,0
0.38288,219.36,29.579,0.043973,10.749,1.6093,5.3092,0
0.23762,254.46,11.447,0.042314,26.611,0.27163,233.22,0
0.14956,26.993,2.7924,0.083657,2.885,0.38649,42.774,0
7.8406,0.17598,1.35,0.0098436,0.10079,0.052712,18.997,0
70.938,0.12908,9.1921,0.20909,20.631,0.00023373,1.0135e+05,0
24.793,0.46738,2.1987,0.0019061,3.3955,0.0035655,2.1861e+05,0
79.496,4.7448,63.493,0.13382,0.3058,0.12923,7.7384,0
13.113,18.332,0.1985,0.35234,0.75517,0.087391,435.58,0
0.19414,0.22729,0.30882,0.0049885,0.18923,0.14379,232.77,0
24.002,0.90078,0.68305,0.17381,1.5587,0.0048631,5581.2,0
4.2817,796.35,0.92489,0.043364,0.43834,18.638,12.231,1
2.1579,45.786,0.17063,0.0046559,2.0776,0.13559,19805,0
47.474,103.09,63.747,0.0039524,29.645,0.31506,69.284,0
0.2728,7.492,1.4023,0.092393,2.654,0.13998,100.28,0
0.17913,5.2351,18.447,0.43224,1.8811,0.67667,1.478,0
0.88527,1.2407,71.276,0.68232,0.11702,0.77318,1.2935,0
10.027,0.21249,1.2471,0.0030055,4.9068,0.00088116,1.0528e+06,0
1.3124,0.21892,3.5474,0.19006,41.009,7.4026e-05,34898,0
0.46631,4.5729,6.6999,0.013489,2.1176,0.35136,3.7676,0
0.17702,11.311,92.271,0.0086753,18.088,0.85037,1.1761,0
0.5838,4.6431,10.019,0.47113,0.35186,0.85788,1.1657,0
24.606,2.2635,0.53293,0.55284,89.553,4.1193e-05,1.0392e+07,0
17.815,171.6,5.8601,0.0081898,0.32883,7.2861,1.0454,1
20.86,205.7,0.18814,0.0036749,10.046,0.028464,4.6564e+05,0
3.4372,0.63191,1.4156,0.40501,1.3449,0.023494,160.78,0
0.19516,4.5191,38.817,0.92531,48.279,0.039361,25.553,0
15.82,228.99,49.566,0.12663,1.0458,2.785,1.044,1
13.968,0.37223,25.549,0.20271,0.31498,0.061298,16.328,0
0.22135,2.8527,0.85525,0.32409,4.4039,0.016334,201.77,0
0.41812,6.3199,42.165,0.2891,0.31033,0.96334,1.0382,0
