0.94128,0.27228,0.52216,0.76445,71.51,0.024278,-1,-1,0
9.6708,0.41495,14.961,0.073646,0.44073,0.12374,0.09676,10.347,0
8.0288,5.4416,5.959,0.03313,0.23515,0.45309,0.62592,1.5976,0
8.893,0.10284,0.74772,0.073754,0.12686,0.0028578,0.027648,36.174,0
0.27631,43.345,87.738,0.0014736,0.37845,0.0043921,1.742,114.15,0
0.33892,0.11613,1.021,0.0010977,1.6122,0.67474,0.16773,5.9623,0
40.497,17.565,12.793,0.63027,59.72,0.0018922,0.0006164,3226.8,0
0.71262,97.465,39.682,0.072575,5.2314,0.001098,0.06149,20.185,0
32.306,15.13,4.3728,0.42527,4.0365,0.0016576,0.0056753,176.64,0
4.6639,8.9931,0.13649,0.059441,2.3622,0.0027085,0.00076754,1331.9,0
0.106,75.052,98.243,0.15369,19.489,0.026701,0.34566,2.8931,0
0.10338,0.42703,3.7686,0.010676,38.497,0.0047399,-1,-1,0
7.3356,4.9537,32.585,0.30378,24.276,0.28675,-1,-1,0
2.088,93.25,34.913,0.10996,45.75,0.0034232,-1,-1,0
78.977,0.97933,3.9474,0.994,60.399,0.0014724,-1,-1,0
1.4759,0.11151,18.402,0.32653,1.1639,0.055366,0.15437,6.4853,0
0.64567,10.64,26.27,0.55645,0.2931,0.0019242,1.3874,2.5383,0
35.181,2.8094,77.303,0.0029595,12.554,0.099183,-1,-1,0
25.926,0.11314,56.718,0.22063,72.936,0.0090949,0.00033628,5796.6,0
10.17,59.595,94.152,0.0011509,0.68426,0.11235,11.719,85.74,1
1.0864,1.5079,0.19997,0.80755,7.909,0.048332,0.0025994,424.5,0
2.2198,2.8794,2.3807,0.0066552,4.1491,0.031932,0.072989,13.717,0
11.958,0.7635,3.4014,0.42855,3.2673,0.11726,0.029454,34,0
36.49,1.2468,4.7217,0.16941,49.134,0.010644,0.00016309,12289,0
0.14505,0.22289,4.5917,0.0069939,0.25655,0.16016,0.7886,1.2681,0
0.39765,0.14338,0.50166,0.068926,1.5732,0.55326,0.10832,9.2489,0
2.8977,1.6183,0.12481,0.0034908,0.65574,0.028508,0.0089978,112,0
10.709,2.334,0.31184,0.3438,2.1532,0.0094369,0.00063505,1614.9,0
21.041,0.47659,0.52347,0.14461,0.1044,0.12506,0.068951,19.349,0
1.5577,54.756,0.62322,0.12464,3.3945,0.57656,0.34515,2.946,0
9.4714,2.5375,15.088,0.047891,3.6747,0.10089,0.37779,2.6475,0
2.8693,63.751,2.1745,0.50016,11.31,0.60351,-1,-1,0
34.747,0.23029,46.44,0.58465,0.47093,0.025693,0.016202,61.726,0
11.031,11.13,15.218,0.0031936,0.10258,0.10201,36.319,10.133,1
0.8606,58.277,16.619,0.53806,0.44687,0.10441,0.7267,4.0345,0
61.149,30.166,0.10051,0.0055285,1.5034,0.1411,0.011869,84.853,0
21.872,22.478,0.93739,0.48109,1.2172,0.13508,-1,-1,0
0.19871,0.12377,0.35284,0.90472,4.8089,0.018709,-1,-1,0
24.631,1.0932,1.1905,0.11161,0.29424,0.085195,0.10929,10.471,0
0.56804,0.21545,16.171,0.070952,45.058,0.0066119,0.003332,322.24,0
30.228,0.76549,0.37533,0.6007,0.12029,0.097308,0.073869,23.092,0
0.45212,1.4797,0.46332,0.38101,0.25336,0.010033,0.099695,11.29,0
0.77684,47.086,0.26576,0.0012251,51.362,0.018631,0.013947,72.159,0
0.19982,71.676,2.1359,0.013563,17.152,0.0020581,-1,-1,0
2.1904,0.35592,75.964,0.024971,0.12526,0.2574,-1,-1,0
30.137,0.27335,71.129,0.45294,0.89262,0.001364,0.02212,45.372,0
0.44489,1.224,0.6425,0.0067774,14.199,0.028346,0.0089844,113.1,0
11.716,14.754,1.0614,0.092567,2.432,0.037251,0.054788,18.275,0
27.58,6.9925,33.914,0.01047,3.2642,0.0054018,0.38675,2.5857,0
4.5298,0.8982,0.14922,0.99643,7.2455,0.0032154,-1,-1,0
24.425,0.53848,0.38403,0.0075554,0.14342,0.29819,0.07769,19.213,0
75.298,0.13757,0.64452,0.12934,0.20317,0.093555,0.0066878,232.18,0
32.633,67.305,0.51821,0.040729,0.96986,0.0019837,0.010038,99.674,0
86.706,4.8744,0.19418,0.17183,2.4688,0.11823,0.001195,841.76,0
1.5241,0.33891,55.245,0.46131,1.9779,0.028549,-1,-1,0
21.246,1.6536,13.39,0.017643,5.0154,0.046971,-1,-1,0
0.72755,11.626,0.11415,0.056118,4.1116,0.03564,0.033348,29.993,0
34.332,0.57722,1.3185,0.11576,3.2225,0.0015738,0.00022782,26214,0
21.968,38.708,17.912,0.098215,82.036,0.74493,-1,-1,0
0.27233,2.2914,12.322,0.0062621,87.735,0.0051821,-1,-1,0
4.4993,0.23341,91.789,0.044494,45.937,0.020056,0.10589,9.4468,0
8.4788,0.13518,0.54612,0.0216,0.30079,0.0025146,0.042642,26.975,0
1.8666,96.285,64.757,0.0011469,1.3887,0.057193,0.92701,9.8765,0
3.0146,37.821,0.90483,0.0011766,0.92623,0.008771,-1,-1,0
20.074,0.14524,2.6088,0.005882,1.5392,0.089215,0.017719,56.717,0
13.425,12.971,24.388,0.015516,0.14776,0.0038014,0.70691,1.4148,0
8.3636,1.9046,2.5878,0.12821,1.4703,0.086522,0.18878,6.6141,0
3.3435,0.8302,24.114,0.041588,26.497,0.17792,-1,-1,0
1.4657,12.666,0.12135,0.022414,15.196,0.0067262,0.0021857,878.17,0
4.1126,92.613,3.1908,0.0073896,11.039,0.015309,-1,-1,0
2.1471,47.602,78.361,0.2003,1.2275,0.0013523,1.4198,4.5616,0
1.2104,0.54854,0.11798,0.61315,1.0268,0.04357,0.0037787,268.73,0
2.1939,0.39346,13.911,0.33524,4.3235,0.015988,0.19726,5.0695,0
3.4867,0.24099,1.5652,0.016792,8.5109,0.0044243,0.00018469,5928.9,0
10.836,51.163,28.327,0.13889,2.9281,0.020244,0.64397,8.2173,0
0.29338,0.59758,1.1107,0.0096931,4.8614,0.0025352,0.0038321,269.62,0
1.9831,30.063,58.947,0.033308,13.795,0.075855,0.21872,4.7169,0
0.90211,0.1266,4.5266,0.0039302,41.077,0.023548,0.0016617,986.03,0
3.5874,0.40151,6.1064,0.12991,0.56132,0.09764,0.2145,4.6664,0
6.2208,0.12413,0.12643,0.029578,3.8295,0.38162,0.00063996,1590.3,0
27.021,0.1381,11.129,0.14326,0.43514,0.0011542,0.012542,79.741,0
0.20984,3.3231,1.1895,0.24483,0.55344,0.45234,-1,-1,0
12.984,0.18505,0.21944,0.023829,15.213,0.0024455,-1,-1,0
0.15705,14.529,89.265,0.26042,3.2914,0.014095,0.1454,9.0823,0
58.063,0.18493,0.68103,0.0024968,1.4175,0.0075667,0.00011072,18042,0
17.624,0.41063,95.914,0.011764,2.4366,0.24741,0.055225,18.173,0
13.191,26.864,1.8138,0.025791,40.79,0.068247,0.01489,67.602,0
4.3345,18.566,0.8107,0.0012952,0.28703,0.0022329,0.36776,80.72,0
0.23068,0.15155,80.006,0.89234,22.793,0.10426,0.19258,5.1942,0
47.44,0.12322,0.25552,0.022944,0.37518,0.0024936,6.4387e-05,31022,0
26.713,52.116,0.14647,0.053875,0.19151,0.061888,-1,-1,0
53.527,1.709,12.443,0.094787,8.1336,0.0083493,0.053865,18.724,0
0.14413,10.146,0.20596,0.001036,2.9644,0.1999,-1,-1,0
0.13765,0.58573,0.3045,0.39696,2.9998,0.0027482,-1,-1,0
7.8803,0.94057,1.8018,0.0049823,0.95971,0.013785,-1,-1,0
2.5724,1.5205,89.431,0.53404,0.78631,0.34911,0.58803,1.7006,0
0.114,6.1047,0.39367,0.010775,1.4333,0.28772,-1,-1,0
3.5034,24.033,72.691,0.11218,0.24012,0.020269,1.4097,1.0745,0
20.09,99.108,0.18794,0.18172,3.9333,0.2457,-1,-1,0
8.1628,0.26533,2.4079,0.021177,27.266,0.017172,0.00016724,7574.7,0
